num {1,2,3,4,5,6,7,8,9,10} [1]
bool {1,2,3,4,5,6,7,8,9,10} [1]
hole {1,2,3,4,5,6,7,8,9,10} [1]
lambda {1,2,3,4,5,6,7,8,9,10} [1]
let {1,2,3,4,5,6,7,8,9,10} [1]
list {1,2,3,4,5,6,7,8,9,10} [1]
tree {1,2,3,4,5,6,7,8,9,10} [1]
var_ {1,2,3,4,5,6,7,8,9,10} [1]
call {1,2,3,4,5,6,7,8,9,10} [1]
add {1,2,3,4,5,6,7,8,9,10} [1]
sub {1,2,3,4,5,6,7,8,9,10} [1]
mult {1,2,3,4,5,6,7,8,9,10} [1]
div {1,2,3,4,5,6,7,8,9,10} [1]
mod {1,2,3,4,5,6,7,8,9,10} [1]
eq {1,2,3,4,5,6,7,8,9,10} [1]
neq {1,2,3,4,5,6,7,8,9,10} [1]
lt {1,2,3,4,5,6,7,8,9,10} [1]
le {1,2,3,4,5,6,7,8,9,10} [1]
gt {1,2,3,4,5,6,7,8,9,10} [1]
ge {1,2,3,4,5,6,7,8,9,10} [1]
and {1,2,3,4,5,6,7,8,9,10} [1]
or {1,2,3,4,5,6,7,8,9,10} [1]
not {1,2,3,4,5,6,7,8,9,10} [1]
if {1,2,3,4,5,6,7,8,9,10} [1]
rcons {1,2,3,4,5,6,7,8,9,10} [1]
cons {1,2,3,4,5,6,7,8,9,10} [1]
car {1,2,3,4,5,6,7,8,9,10} [1]
cdr {1,2,3,4,5,6,7,8,9,10} [1]
tree_op {1,2,3,4,5,6,7,8,9,10} [1]
children {1,2,3,4,5,6,7,8,9,10} [1]
value {1,2,3,4,5,6,7,8,9,10} [1]
foldr {1,2,3,4,5,6,7,8,9,10} [1]
foldl {1,2,3,4,5,6,7,8,9,10} [1]
map {1,2,3,4,5,6,7,8,9,10} [1]
filter {1,2,3,4,5,6,7,8,9,10} [1]
mapt {1,2,3,4,5,6,7,8,9,10} [1]
foldt {1,2,3,4,5,6,7,8,9,10} [1]
merge {1,2,3,4,5,6,7,8,9,10} [1]
take {1,2,3,4,5,6,7,8,9,10} [1]
zip {1,2,3,4,5,6,7,8,9,10} [1]
intersperse {1,2,3,4,5,6,7,8,9,10} [1]
append {1,2,3,4,5,6,7,8,9,10} [1]
reverse {1,2,3,4,5,6,7,8,9,10} [1]
concat {1,2,3,4,5,6,7,8,9,10} [1]
drop {1,2,3,4,5,6,7,8,9,10} [1]
sort {1,2,3,4,5,6,7,8,9,10} [1]
dedup {1,2,3,4,5,6,7,8,9,10} [1]

